Benchmarks			CPI		L1 I MR  	L1 I Acc	L2 MR   	L2 Acc
mcf_ICache032_Assoc02_CL064	1.299095	0.023612	28329862	0.055046	724390
mcf_ICache064_Assoc02_CL064	1.155606	0.000018	28671157	0.711878	56004
mcf_ICache128_Assoc02_CL064	1.155442	0.000018	28671166	0.711974	55995
mcf_ICache032_Assoc04_CL064	1.155450	0.000019	28671163	0.711863	56008
mcf_ICache064_Assoc04_CL064	1.155442	0.000018	28671166	0.711974	55995
mcf_ICache128_Assoc04_CL064	1.155442	0.000018	28671166	0.711974	55995
mcf_ICache032_Assoc08_CL064	1.155450	0.000018	28671163	0.711944	56003
mcf_ICache064_Assoc08_CL064	1.155442	0.000018	28671166	0.711974	55995
mcf_ICache128_Assoc08_CL064	1.155442	0.000018	28671166	0.711974	55995
mcf_ICache032_Assoc16_CL064	1.155485	0.000018	28671166	0.711962	55996
mcf_ICache064_Assoc16_CL064	1.155442	0.000018	28671166	0.711974	55995
mcf_ICache128_Assoc16_CL064	1.155442	0.000018	28671166	0.711974	55995

mcf_ICache032_Assoc02_CL128	1.330534	0.035212	26894382	0.020416	984433
mcf_ICache064_Assoc02_CL128	1.124752	0.000020	27157870	0.529311	37955
mcf_ICache128_Assoc02_CL128	1.124752	0.000013	27158022	0.531988	37764
mcf_ICache032_Assoc04_CL128	1.124828	0.000024	27157856	0.527760	38076
mcf_ICache064_Assoc04_CL128	1.124752	0.000013	27158022	0.531932	37768
mcf_ICache128_Assoc04_CL128	1.124752	0.000013	27158022	0.531988	37764
mcf_ICache032_Assoc08_CL128	1.124726	0.000013	27158009	0.531841	37782
mcf_ICache064_Assoc08_CL128	1.124752	0.000013	27158022	0.531988	37764
mcf_ICache128_Assoc08_CL128	1.124752	0.000013	27158022	0.531988	37764
mcf_ICache032_Assoc16_CL128	1.124718	0.000013	27158017	0.531874	37774
mcf_ICache064_Assoc16_CL128	1.124752	0.000013	27158022	0.531988	37764
mcf_ICache128_Assoc16_CL128	1.124752	0.000013	27158022	0.531988	37764
